512
512
98
0000000
92
0000001
90
0000010
78
0000011
61
00001
89
0001000
184
0001001
99
0001010
124
0001011
101
0001100
123
0001101
125
0001110
127
0001111
129
0010000
122
0010001
68
001001
102
0010100
76
0010101
126
0010110
128
0010111
59
00110
106
0011100
103
0011101
215
00111100
183
00111101
105
0011111
120
0100000
130
0100001
166
0100010
74
0100011
119
0100100
219
010010100
224
0100101010
223
0100101011
190
01001011
107
0100110
109
0100111
53
010100
131
0101010
133
0101011
165
0101100
182
0101101
132
0101110
218
010111100
191
010111101
176
01011111
175
0110000
135
0110001
214
01100100
181
01100101
134
0110011
147
0110100
146
0110101
148
0110110
173
0110111
178
0111000
180
0111001
145
0111010
179
01110110
177
01110111
205
01111000
203
01111001
110
0111101
136
0111110
174
01111110
189
011111110
204
011111111
118
1000000
188
10000010
172
10000011
149
1000010
72
1000011
164
100010
192
10001100
171
10001101
117
1000111
66
100100
206
10010100
193
100101010
187
100101011
194
10010110
186
10010111
137
1001100
50
1001101
144
100111
162
1010000
170
1010001
202
10100100
207
10100101
150
1010011
157
1010100
200
10101010
217
101010110
225
10101011100
222
10101011101
221
1010101111
158
1010110
163
1010111
212
10110000
195
10110001
213
10110010
46
10110011
156
101101
160
101110
159
1011110
161
1011111
199
11000000
196
110000010
201
110000011
111
1100001
116
1100010
138
1100011
151
110010
154
1100110
152
1100111
143
1101000
211
110100100
208
110100101
197
11010011
70
1101010
210
11010110
209
11010111
153
1101100
155
1101101
64
110111
198
111000000
185
111000001
169
11100001
115
1110001
112
1110010
140
1110011
141
1110100
168
11101010
95
11101011
139
1110110
114
1110111
84
11110000
82
11110001
142
1111001
56
111101
85
11111000
80
11111001
87
11111010
96
11111011
216
1111110000
220
1111110001
230
1111110010000
229
1111110010001
234
111111001001000
232
111111001001001
233
1111110010010100
236
111111001001010100
238
111111001001010101
242
111111001001010110
245
111111001001010111
231
111111001001011
39
1111110010011
226
111111001010
228
1111110010110
227
1111110010111
43
1111110011
93
11111101
167
1111111
